freq	gain	phase
49	116.5883	5.7982
50	115.4651	-1.1008
54	115.8629	2.5451
58	115.1754	-0.4577
62	115.4619	2.2930
66	114.4974	-0.1445
70	114.8128	1.9491
74	111.8715	-0.4467
78	113.9571	25.3817
82	113.3784	15.9394
85	115.8654	43.0452
89	118.4271	18.7039
93	116.8654	17.4137
97	119.2017	9.2736
101	117.9451	-2.3929
105	118.1915	-0.0717
109	117.7343	-4.0686
113	117.8388	-2.3456
117	117.5681	-5.3432
121	117.5717	-4.1851
124	117.4175	-7.1286
128	117.3957	-5.8058
132	117.2418	-8.3908
136	117.2210	-7.1211
140	117.0741	-9.3707
144	117.0501	-8.2868
148	116.9174	-10.3676
152	116.8851	-9.4719
156	116.7642	-11.4397
160	116.7218	-10.6604
164	116.6088	-12.5412
167	116.5521	-11.8274
171	116.4397	-13.6158
175	116.3668	-12.9604
179	116.2512	-14.6799
183	116.1630	-14.0877
187	116.0472	-15.7685
191	115.9433	-15.2217
195	115.8267	-16.8614
199	115.7064	-16.3440
203	115.5801	-17.9466
207	115.4418	-17.4275
210	115.3002	-19.0090
214	115.1362	-18.4685
218	114.9781	-20.0406
222	114.7796	-19.4972
226	114.5973	-21.0651
230	114.3575	-20.5103
234	114.1390	-22.0892
238	113.8449	-21.4922
242	113.5841	-23.1133
246	113.2142	-22.4839
249	112.8873	-24.1518
253	112.4162	-23.3905
257	111.9780	-25.1100
261	111.3718	-23.9854
265	110.7859	-25.8087
269	109.9687	-24.2056
273	109.1465	-26.2099
277	107.9332	-23.7232
281	106.6214	-25.7768
285	104.5583	-21.1867
289	101.9451	-23.7633
292	97.0368	-12.8697
296	77.3966	-56.7540
300	99.1776	140.6320
304	105.7636	146.1772
308	111.6510	132.3218
312	114.0636	121.6644
316	117.0172	117.8410
320	119.1977	109.0103
324	120.9969	106.2647
328	123.5507	101.6144
332	125.9697	90.5047
335	127.7092	76.7671
339	129.2231	63.0851
343	130.4530	46.6104
347	130.7863	31.0772
351	130.8784	19.5671
355	130.7962	8.5661
359	130.1337	-0.3748
363	129.5543	-5.3486
367	128.9802	-11.0419
371	128.3219	-14.5706
375	127.8172	-17.7254
378	127.3186	-20.0768
382	126.9409	-22.2458
386	126.5441	-23.9068
390	126.2470	-25.6438
394	125.9337	-26.9131
398	125.6913	-28.3030
402	125.4326	-29.3481
406	125.2339	-30.5019
410	125.0152	-31.4009
414	124.8512	-32.4137
417	124.6595	-33.2085
421	124.5175	-34.0478
425	124.3660	-34.7301
429	124.2418	-35.4999
433	124.1316	-36.0950
437	124.0323	-36.9958
441	123.9206	-37.5701
445	123.8391	-38.4216
449	123.7245	-38.9709
453	123.6516	-39.6525
457	123.5535	-40.1543
460	123.4953	-40.7683
464	123.4114	-41.2435
468	123.3713	-41.8285
472	123.2987	-42.2934
476	123.2733	-42.8836
480	123.2110	-43.3433
484	123.1925	-43.9484
488	123.1405	-44.3955
492	123.1267	-44.9754
496	123.0793	-45.4098
500	123.0793	-45.9398
503	123.0357	-46.3938
507	123.0508	-46.9171
511	123.0156	-47.4232
515	123.0375	-47.9641
519	123.0129	-48.5242
523	123.0431	-49.1116
527	123.0245	-49.7758
531	123.0737	-50.5235
535	123.0180	-51.6014
539	122.9967	-52.2110
542	122.9120	-53.2108
546	122.8046	-53.3894
550	122.7667	-53.4804
554	122.7519	-53.5849
558	122.7689	-53.6385
562	122.8283	-53.9721
566	122.8427	-54.5445
570	122.8634	-54.9718
574	122.8251	-55.2117
578	122.9720	-54.8687
582	123.0963	-56.0402
585	123.2256	-56.2738
589	123.4541	-58.6636
593	123.2804	-60.7781
597	123.2130	-61.7702
601	122.9970	-63.2019
605	122.8129	-62.8549
609	122.7479	-62.9575
613	122.7064	-62.7533
617	122.6897	-62.9746
621	122.6804	-62.8982
625	122.6929	-63.1909
628	122.6988	-63.2196
632	122.7414	-63.5805
636	122.7514	-63.8255
640	122.7916	-64.1704
644	122.8040	-64.4718
648	122.8368	-64.8070
652	122.8566	-65.0297
656	122.8958	-65.3619
660	122.9257	-65.5819
664	122.9776	-65.9343
667	123.0234	-66.2384
671	123.0892	-66.8895
675	123.1022	-67.3349
679	123.1511	-68.0672
683	123.1100	-68.5165
687	123.1368	-68.7907
691	123.1325	-69.0653
695	123.1735	-69.2262
699	123.2189	-69.4777
703	123.2697	-69.8228
707	123.3117	-70.1685
710	123.3624	-70.5099
714	123.3916	-70.8843
718	123.4503	-71.2124
722	123.4732	-71.5503
726	123.5328	-71.8820
730	123.5648	-72.1567
734	123.6281	-72.4815
738	123.6730	-72.7286
742	123.7361	-73.0686
746	123.7932	-73.3342
750	123.8466	-73.6674
753	123.9130	-73.9657
757	123.9728	-74.2748
761	124.0388	-74.5581
765	124.1152	-74.8589
769	124.1784	-75.1420
773	124.2634	-75.4167
777	124.3288	-75.7479
781	124.4173	-76.0099
785	124.4895	-76.3547
789	124.5844	-76.6152
792	124.6613	-76.9767
796	124.7679	-77.2547
800	124.8455	-77.6372
804	124.9574	-77.9598
808	125.0352	-78.2920
812	125.1405	-78.5671
816	125.2293	-78.7662
820	125.3627	-78.9315
824	125.4925	-79.1869
828	125.6777	-79.5275
832	125.8394	-80.1256
835	126.0241	-80.8453
839	126.1733	-81.7119
843	126.3249	-82.7367
847	126.4030	-83.9629
851	126.4349	-84.9404
855	126.4119	-85.7980
859	126.3512	-85.8598
863	126.4010	-85.4233
867	126.4965	-85.0333
871	126.7148	-84.5954
874	126.9387	-85.0722
878	127.1286	-85.4225
882	127.3239	-86.1629
886	127.4576	-86.6881
890	127.6332	-87.1688
894	127.7836	-87.6422
898	127.9640	-88.1117
902	128.1304	-88.5452
906	128.3220	-89.0258
910	128.5034	-89.4833
914	128.7106	-89.9407
917	128.9106	-90.4375
921	129.1360	-90.9200
925	129.3544	-91.4152
929	129.6000	-91.9777
933	129.8341	-92.5111
937	130.0951	-93.1423
941	130.3435	-93.7738
945	130.6173	-94.4107
949	130.8888	-95.1189
953	131.1764	-95.7455
957	131.4804	-96.4398
960	131.7946	-97.1066
964	132.1327	-97.7808
968	132.4906	-98.5104
972	132.8704	-99.2404
976	133.2802	-100.1038
980	133.7096	-100.9510
984	134.1797	-101.9851
988	134.6724	-103.0185
992	135.2070	-104.2746
996	135.7723	-105.5553
1000	136.3998	-107.0900
1003	137.0718	-108.7989
1007	137.8521	-110.7738
1011	138.6950	-113.3334
1015	139.6468	-116.3308
1019	140.6822	-120.5067
1023	141.7932	-125.8808
1027	142.9245	-133.3689
1031	143.9434	-142.9623
1035	144.7587	-154.2155
1039	145.3209	-166.8327
1042	145.5432	-179.9841
1046	145.4458	167.2081
1050	145.0510	155.1791
1054	144.3849	144.5693
1058	143.5200	135.6377
1062	142.5492	128.4497
1066	141.5272	122.7035
1070	140.5127	118.1489
1074	139.5260	114.4551
1078	138.5893	111.4106
1082	137.7031	108.8685
1085	136.8690	106.6788
1089	136.0864	104.8369
1093	135.3482	103.2081
1097	134.6486	101.8158
1101	133.9943	100.5516
1105	133.3610	99.4833
1109	132.7714	98.4720
1113	132.1988	97.6289
1117	131.6581	96.8187
1121	131.1388	96.0737
1124	130.6385	95.3887
1128	130.1632	94.7110
1132	129.6956	94.0885
1136	129.2587	93.4778
1140	128.8230	92.9119
1144	128.4109	92.3245
1148	128.0030	91.7705
1152	127.6085	91.1810
1156	127.2126	90.5975
1160	126.8308	90.0856
1164	126.4431	89.5930
1167	126.0681	89.2775
1171	125.6981	88.9265
1175	125.3483	88.7591
1179	125.0034	88.4010
1183	124.6827	88.1698
1187	124.3596	87.7850
1191	124.0546	87.4170
1195	123.7387	87.1231
1199	123.4523	86.7428
1203	123.1247	86.5037
1207	122.8546	86.1084
1210	122.5199	85.8555
1214	122.2463	85.4921
1218	121.9325	85.1469
1222	121.6375	84.9814
1226	121.3511	84.4789
1230	121.0491	84.4844
1234	120.7747	83.9781
1238	120.4915	83.8992
1242	120.2225	83.4991
1246	119.9220	83.1366
1249	119.6661	82.8481
1253	119.3327	82.3749
1257	119.0812	82.1855
1261	118.7639	81.8982
1265	118.4878	81.6591
1269	118.1875	81.5848
1273	117.8942	81.3769
1277	117.6050	81.2786
1281	117.3151	81.0616
1285	117.0206	80.9387
1289	116.6996	80.2853
1292	116.3218	80.2860
1296	115.9570	79.8382
1300	115.5590	80.2583
1304	115.2147	80.6500
1308	114.9507	81.4791
1312	114.6683	81.6663
1316	114.4974	81.7779
1320	114.1491	81.7842
1324	114.0473	81.1605
1328	113.5532	81.4483
1332	113.4378	80.9903
1335	112.9302	80.7651
1339	112.6049	80.2415
1343	112.1113	79.5133
1347	111.5843	79.0031
1351	111.0704	78.4111
1355	110.4008	78.5315
1359	109.9169	78.7498
1363	109.1670	79.4476
1367	108.6273	80.5934
1371	107.9240	82.0347
1375	107.2205	83.5770
1378	106.6159	85.2254
1382	105.7887	87.4531
1386	105.0516	88.4774
1390	104.1451	92.0378
1394	103.1152	93.7033
1398	101.9980	99.4893
1402	101.0562	103.3981
1406	99.6374	113.4134
1410	98.9621	120.8378
1414	97.9570	137.2451
1417	97.4881	149.0597
1421	98.0912	166.9417
1425	98.4865	178.5679
1429	100.0957	-169.3030
1433	101.1327	-163.3763
1437	102.7127	-155.4020
1441	103.7657	-152.6660
1445	105.0899	-146.7917
1449	106.0764	-145.9315
1453	107.2004	-141.8925
1457	108.0500	-142.1033
1460	109.0270	-140.1478
1464	109.7057	-139.9726
1468	110.6216	-139.5571
1472	111.2283	-139.0157
1476	112.0776	-138.9127
1480	112.7133	-138.6060
1484	113.4551	-138.4093
1488	114.1272	-138.2133
1492	114.7579	-138.3845
1496	115.4709	-138.2771
1499	116.0361	-138.5405
1503	116.7356	-139.0222
1507	117.3203	-139.3606
1511	117.9585	-140.1804
1515	118.5592	-141.1693
1519	119.1775	-141.9781
1523	119.7618	-143.4922
1527	120.3221	-144.5802
1531	120.8853	-145.9669
1535	121.3725	-147.2945
1539	121.9233	-148.1540
1542	122.4403	-149.2919
1546	123.0713	-149.8447
1550	123.7290	-151.0373
1554	124.4956	-152.1402
1558	125.2970	-154.0798
1562	126.1308	-156.3310
1566	127.0090	-159.1571
1570	127.9284	-162.7655
1574	128.9025	-167.2770
1578	129.9035	-173.4901
1582	130.8387	178.7355
1585	131.6238	169.3194
1589	132.2513	159.0536
1593	132.6565	148.0948
1597	132.8769	137.6032
1601	132.9472	127.9843
1605	132.8459	119.2393
1609	132.6388	112.0469
1613	132.3040	105.6032
1617	131.9292	100.0818
1621	131.4657	95.3093
1624	130.9908	91.0941
1628	130.4901	87.5782
1632	129.9863	84.4759
1636	129.4926	81.7340
1640	129.0241	79.3172
1644	128.5746	76.9167
1648	128.1348	74.9118
1652	127.7137	72.7902
1656	127.2974	70.9990
1660	126.8768	69.1798
1664	126.4866	67.5682
1667	126.0640	66.0497
1671	125.6957	64.7107
1675	125.2916	63.5462
1679	124.9493	62.3311
1683	124.5853	61.5473
1687	124.2618	60.3503
1691	123.9234	59.5497
1695	123.6398	58.6222
1699	123.3055	57.5994
1703	123.0420	56.9692
1707	122.7370	56.2330
1710	122.4539	55.5537
1714	122.1948	55.1104
1718	121.9261	54.3053
1722	121.6609	53.8170
1726	121.4387	53.0762
1730	121.1539	52.5134
1734	120.9743	52.0035
1738	120.7116	51.4257
1742	120.4989	51.0553
1746	120.3059	50.5659
1749	120.0277	50.1379
1753	119.9085	49.6047
1757	119.6330	49.0668
1761	119.4786	48.4039
1765	119.2370	47.9159
1769	118.9937	47.3846
1773	118.7931	47.0105
1777	118.5303	46.6300
1781	118.3138	46.3357
1785	118.1061	45.9838
1789	117.8386	45.9237
1792	117.7145	45.5058
1796	117.5071	45.5408
1800	117.3820	44.8253
1804	117.2579	44.4757
1808	117.0421	43.9128
1812	116.9203	43.0611
1816	116.6394	43.1191
1820	116.4997	41.7811
1824	116.2089	42.1173
1828	116.0131	40.4676
1832	115.6648	40.8045
1835	115.4105	39.8393
1839	115.0331	40.3512
1843	114.8398	40.3333
1847	114.5618	40.9997
1851	114.3998	40.9559
1855	114.1802	41.2988
1859	113.9288	41.6986
1863	113.7483	41.5720
1867	113.5190	43.1520
1871	113.4042	42.2575
1874	113.3348	43.9362
1878	113.2067	42.4064
1882	113.1642	43.0448
1886	112.9685	42.3059
1890	112.7749	42.1741
1894	112.5113	42.1837
1898	112.2167	42.3500
1902	111.9187	42.0737
1906	111.6760	43.1780
1910	111.3498	42.6052
1914	111.2271	44.0334
1917	110.8501	43.5433
1921	110.7276	44.2770
1925	110.4271	44.9332
1929	110.1427	46.0391
1933	109.9812	47.1252
1937	109.6552	49.2882
1941	109.4860	49.4108
1945	109.2663	51.3155
1949	108.9732	51.5955
1953	108.8255	53.3437
1957	108.4251	54.2587
1960	108.3507	56.7551
1964	108.0358	58.1496
1968	108.1532	61.3709
1972	108.0995	63.0976
1976	108.3230	65.4029
1980	108.6323	65.6479
1984	108.5693	65.8131
1988	108.9974	64.7260
1992	108.6767	62.6754
1996	108.8343	61.6384
1999	108.3989	57.3770
